502
504
1465
1486
1487
1507
2209
2481
2802
2979
2980
2981
3064
3065
3900
3901
3902
3904
3905
3906
3909
3911
3912
3913
3914
3915
3916
3950
3952
4646
5056
5057
5058
5059
5060
5061
5105
5106
6177
6178
6188
6215
7790
7791
7792
7793
7794
7922
7923
7924
7927
7928
7929
7930
7938
7939
7942
7943
7944
7945
7946
7948
7951
7952
7953
7954
7955
7956
8941
9956
10659
10660
10661
10662
10663
10664
10665
10667
10668
10669
10671
10672
10693
10697
10698
10699
10713
10714
10717
10718
10722
10725
10726
10727
10728
10876
10922
10923
10924
10925
10926
10927
10928
10929
10930
10961
10962
10963
10964
10965
10966
10967
10973
10974
10994
11012
11013
11014
11015
11016
11017
11018
11019
11020
11021
11022
11023
11024
11025
11026
11027
11028
11442
11443
11444
11445
11733
11734
11762
11768
11770
11775
11776
11777
11778
11779
11782
11943
12134
12135
12136
12610
12611
12612
12613
12614
12615
12616
12617
12618
12619
12622
12623
12624
12625
12626
12627
12628
12657
12658
12659
12661
12662
12670
12671
12672
12673
12674
12675
12680
12681
12682
12683
12684
12685
12686
12687
12739
12740
12741
12742
13685
14948
14983
15027
15028
15029
15030
15083
15085
15197
16142
16143
16454
16455
16456
16457
16458
16459
16460
16464
16474
16475
16476
16477
16478
16479
16480
16481
16482
16483
16484
16485
16486
16487
16488
16489
16490
16491
16492
16493
16494
16495
16496
16497
16498
16499
16500
16501
16502
16503
16507
16508
16509
16510
16511
16512
16513
16537
16538
16539
16540
16541
16551
16552
16553
16554
16555
16556
16704
16705
16706
16707
16708
17087
17089
17090
17091
17092
17097
17120
17690
17698
17699
17850
17853
17972
17973
17993
18296
18297
18298
18300
18301
18303
18308
18309
18310
18317
18318
18319
18320
18321
18322
18323
18324
18325
18327
18328
18334
18336
18337
18338
18339
18340
18341
18342
18343
18344
18345
18346
18350
18351
18355
18356
18357
18506
18517
18815
20594
20595
21071
21072
21073
21074
21075
21076
21077
21078
21079
21502
21715
21717
21719
21756
21770
21789
21790
21791
21792
21793
21794
21795
21796
21797
21798
21799
21801
21802
21806
21808
21809
21810
21811
21812
21813
21814
21815
21816
21817
21818
21819
21821
21881
23458
23459
23486
26242
26244
26245
26246
27095
27096
27097
27098
27099
27100
27101
27102
27103
27104
27105
27106
27107
27108
27109
27110
27112
27113
27114
27117
27118
27119
27120
27121
27122
27123
27124
27125
27126
27196
27197
27198
27199
27200
27201
27202
27203
27204
27205
27206
27207
27208
27209
27210
27211
27212
27213
27214
27215
27216
27231
27245
27246
27247
27248
27249
27250
27253
27255
27258
27262
27265
27268
27312
27316
29958
29959
29960
29961
30678
30679
30680
30681
30682
30683
30684
30685
30943
30944
30945
30946
31521
31522
31523
31524
31525
31526
32621
32622
32623
32624
32625
32626
32629
32741
32742
32743
32744
32745
32746
33463
33613
33614
33615
33616
33617
33618
33619
33620
33623
33624
33625
33626
33627
33628
33629
33630
33631
33632
33633
33634
33635
33636
33637
33638
33643
33815
33816
33817
33818
33819
33849
33850
33851
33853
33856
33857
34026
34028
34029
34067
34068
34069
34070
34071
34073
34074
34106
34107
34108
34109
34110
34111
34112
34113
34114
34115
34116
34117
34118
34119
34120
34121
34122
34123
34124
34125
34126
34127
34128
34129
34130
34131
34133
34134
34136
34137
34138
34139
34140
34141
34142
34143
34144
34145
34146
34147
34148
34149
34150
34151
34152
34153
34154
34155
34156
34157
34158
34159
34160
34161
34162
34163
34164
34165
34166
34167
34168
34169
34170
34171
34172
34173
34174
34175
34176
34177
34196
34197
34198
34199
34200
34201
34202
34203
34204
34205
34206
34208
34209
34210
34211
34212
34213
34214
34215
34216
34239
35934
35935
35936
35937
36586
36587
36588
36589
37956
38080
38081
38496
39249
39333
39334
39335
39336
39337
39338
39340
39341
39659
39660
39665
39666
39667
39668
39669
39670
39671
39672
39673
39674
39692
39838
39839
39906
39984
40065
40066
40067
40068
40921
40922
40923
40940
40941
40942
40945
40946
40947
42181
42182
42445
42446
42807
42811
43039
43227
43228
43230
43829
43830
43831
43832
43833
43834
43835
43836
43837
43838
44420
44421
44864
44869
44870
44871
44972
45050
45051
45052
45053
45054
45055
45056
45057
45058
45059
45060
45061
45062
45063
45064
45066
45067
45075
45076
45077
45078
45079
45080
45081
45082
45083
45084
45156
45157
45158
45736
45737
45738
45741
45742
45743
45744
45745
45747
45748
45749
45750
45751
45769
45773
45774
45775
45776
46411
46412
46502
46503
46504
46505
47433
47434
47435
47728
47729
47795
47796
47797
47798
47799
47800
47801
47802
47803
47804
47812
47816
47817
47818
47819
47820
47821
47822
47823
48935
49223
49224
49225
49226
49227
49228
49229
49269
49270
49271
49272
49483
49484
49485
49486
49907
49912
49917
49918
49919
49920
49921
49922
49923
49924
49925
49926
49927
49928
49929
49930
49931
49932
49933
49934
49935
49936
49937
49938
50091
50092
50378
50379
50384
51295
51296
51926
52399
52470
52519
52520
52521
52522
52523
52524
52525
52526
52527
52528
52529
52530
52531
52532
52533
52537
52538
52601
52602
52603
52607
52608
52609
52610
52612
52613
52614
52709
53515
53566
53663
54925
55293
55413
55414
56043
56845
56848
56851
56972
56973
56974
57022
57023
57078
57384
57385
57386
57387
57655
57802
57803
57804
57805
57806
57807
57808
57809
57810
57811
57812
57813
57814
57815
57816
57817
57818
57819
57820
57821
57822
57823
57824
57825
57826
57827
57828
57829
57830
57831
57832
57833
57834
57835
57836
57837
57838
57839
57840
57841
57842
58115
58116
58117
58118
58120
58211
58214
58215
58216
58217
58218
58219
58220
58221
58222
58223
58234
58235
58236
58237
58238
58239
58240
58802
58804
58805
58806
58807
58808
58877
58987
59039
59052
59054
59055
59057
59058
59061
59062
59065
59174
59175
59176
59177
59178
59179
59181
59182
59183
59184
59185
59187
59353
59354
59367
59368
59369
59377
59467
59537
59538
59799
59800
59930
59931
59932
59933
59934
59935
59936
59937
59961
59962
59963
59964
59965
59966
59967
59968
59969
59970
59971
59972
59973
60054
60225
60226
60227
60228
60229
60279
60280
60281
60282
60283
61743
61744
61745
61787
61907
61908
61919
61920
61921
61922
61923
62357
62358
62359
62360
62362
62363
62364
62365
62366
62367
62368
62678
62795
62796
62797
62798
62799
62800
62801
62802
62803
62804
62805
62806
62807
62808
62809
62810
62811
62812
62813
62814
62815
62816
62817
62818
62819
62873
62874
63173
63174
63175
63176
63177
63637
63638
63639
63640
63641
63642
63643
63644
63647
63648
63649
63650
63651
63652
63653
63654
63655
63656
63657
63658
63659
63660
63661
63662
63663
63664
63680
64420
64421
64422
64423
64424
64425
64426
64427
64428
64429
64430
64431
64433
64434
64435
64436
64437
64438
64439
64440
64441
64442
64443
64444
64445
64446
64447
64448
64449
64450
64451
64520
64521
64522
64523
64526
64527
64528
64529
64530
64532
64534
64535
64536
64537
64538
64539
64540
64541
64542
64543
64544
64545
64555
64561
64597
64598
64599
64600
64601
64602
64603
64604
64605
64606
64607
64608
64609
64610
64736
64737
64738
64739
64740
64765
64779
64780
64781
64782
64791
64792
64793
64794
64813
66717
66718
66719
66720
66953
66954
66956
66960
66961
66962
66963
66964
67651
67652
67747
67748
68933
68934
68935
68936
68937
68938
68939
68940
68941
68942
68943
68944
68945
68946
68947
68949
68951
68952
68953
68954
68955
68956
68986
69625
69628
69629
69632
69641
69642
69643
69937
69938
69939
69940
69945
69946
70006
70007
70008
70009
70010
70018
70022
70024
70185
70186
70187
70188
70570
70571
70944
70946
70947
70948
70949
70950
70960
70961
70962
70963
70964
70965
70966
70967
70968
70969
70970
70972
70973
70981
70982
70983
70984
70985
70986
70987
70988
70992
70993
70994
70995
70996
70997
70998
70999
71000
71001
71002
71003
71004
71005
71079
71080
71081
71082
71083
71084
71085
71086
71087
71088
71089
71090
71091
71092
71095
71096
71097
71098
71099
71100
71101
71102
71103
71104
71105
71106
71107
71108
71109
71110
71250
71308
71855
71973
71974
71976
71977
71978
72188
72602
72603
72605
72606
72607
72721
72739
72740
72741
72742
72743
72744
72745
72746
72748
72749
72750
72751
72752
72754
72755
72756
72757
72771
72772
72773
72774
72775
72776
72777
72778
72779
72780
72782
72783
72785
72786
72787
72795
72796
72798
72799
72800
72801
72802
72803
72804
72805
72806
72807
72808
72809
72810
72811
72812
72813
72814
72815
72816
72817
72818
72819
72820
72821
72822
72823
72824
72825
72894
72895
74365
74366
74367
74368
74369
74370
74452
74453
74454
74455
74456
74478
74479
74480
74481
74482
74483
74484
74485
74486
74487
74488
74489
74490
74491
74492
74493
74494
74495
74496
74497
74498
74499
74500
74501
74502
74503
74504
74505
74506
74507
74508
74509
74510
74511
74512
74513
74514
74515
74516
74540
74541
74603
74604
74605
74606
74607
74608
74609
74610
74611
74612
74613
74616
74617
74618
74619
74620
74621
74622
74623
74624
74625
74626
74633
74634
74635
74636
74637
74638
74639
74640
74641
74642
74643
74644
74645
74646
74882
74883
74884
74885
74886
74887
74905
74920
74921
74922
74923
74924
74925
74926
74927
74928
74938
74939
74940
74941
74942
74945
74946
74971
74986
74987
74988
74989
74990
74991
74992
74993
74994
74995
74996
74997
74998
74999
75187
75188
75189
75193
75195
75556
75661
75663
75664
75665
75666
75667
75668
75669
75670
75671
75672
75673
75674
75676
75677
75678
75679
75680
75681
75682
75683
75684
75685
75686
75687
75688
75689
75694
75716
75882
76628
76631
76781
76782
76783
76784
76785
76786
76787
76788
76789
76790
76791
77205
77232
77233
77375
77376
77377
77457
77458
77459
77460
77461
77616
77635
77692
77693
77694
77695
77696
77697
77698
77699
77700
77701
77702
77703
77704
77705
77706
77707
77708
77709
77710
77711
77712
77713
77714
77715
77716
77717
77718
77719
77720
77858
77862
77863
77864
77865
78076
78179
78180
78641
79494
79810
79811
79812
79813
79814
79815
79816
79817
79820
79821
79822
79823
79824
79827
79828
79829
79830
79831
79832
79833
79834
79835
80925
80926
80927
80928
80929
80930
80931
80932
80937
80938
80962
80963
80964
80972
80973
80974
80975
80976
80977
80978
80979
80980
80981
80982
80983
80984
80985
80986
80987
80988
80989
80990
80991
80992
80993
80994
80995
80996
80999
81002
81003
81004
81006
81007
81008
81009
81125
81166
81167
81168
81366
81373
81377
81387
81388
81389
81390
81391
81392
81393
81394
81395
81396
81397
81398
81399
81422
81423
81424
81425
81426
81427
81428
81429
81430
81431
81463
81464
81465
81466
81467
81468
81469
81470
81965
81966
81967
81968
81969
82699
82700
82701
82702
82703
82704
82705
83197
83198
83199
83200
83201
83202
83203
83204
83205
83206
83207
83208
83209
83210
83211
83212
83213
83214
83215
83393
83394
83395
83396
83397
83400
84627
84948
84952
85516
85517
85518
85519
85520
85521
85522
85601
85602
85603
85604
85605
85606
85788
85789
85877
85878
85879
85880
85881
85882
85883
85884
85885
85887
85888
85889
85891
85892
85893
85894
85895
85896
85897
85898
85899
85900
85901
85902
85908
85909
85910
85913
85914
85915
85935
85952
85953
85957
85958
85959
85961
85963
85969
85976
85977
85978
85979
85980
85981
85995
86003
86004
86005
86006
86007
86019
86022
86023
86024
86025
86026
86027
86031
86032
86033
86034
86035
86036
86037
86038
86039
86040
86041
86042
86043
86044
86045
86046
86047
86048
86049
86050
86051
86052
86053
86054
86055
86056
86057
86058
86059
86060
86061
86062
86063
86064
86065
86066
86067
86068
86069
86070
86071
86087
86088
86089
86090
86091
86092
86098
86101
86102
86103
86104
86108
86109
86110
86111
86112
86113
86114
86205
86225
86478
86514
86544
86578
86623
86641
86643
86649
86696
86697
86698
86867
86868
86993
86994
87010
87012
87034
87132
87210
87341
87342
87343
87771
87772
87773
88099
88218
88932
88933
88934
88935
88943
88944
88951
88952
88965
88966
88967
88968
88974
88975
88976
88977
88978
88979
89022
89023
89024
89025
89026
89027
89028
89285
89736
89982
89983
89984
89985
89986
89993
89994
89999
90000
90002
90003
90006
91309
91310
91311
91312
91313
91314
91315
91316
91317
91318
91319
91320
91321
91322
91323
91324
91325
91326
91327
91328
91329
91330
91331
91332
91335
91336
91337
91339
91340
91341
92229
92230
92232
92233
92234
92235
92236
92237
92238
92263
92264
92663
92664
92665
92666
93006
93706
94074
94077
94082
94083
94091
94093
94101
94152
94153
94154
94210
94313
94314
94316
94320
94321
94322
94340
94348
94349
94350
94359
94372
94607
94772
94804
94805
94873
94874
95022
95025
95049
95089
95090
95114
95115
95124
95139
95151
95159
95373
95402
95403
95404
95405
95543
95544
95545
95546
95547
95548
95550
95899
96119
96122
96222
96238
96239
96240
96241
96242
96243
96245
96246
96639
96641
96642
96643
96722
96723
96955
96961
97124
97125
97129
97146
97160
97163
97164
97165
97166
97167
97168
97169
97170
97272
97273
97274
97275
97350
97351
97352
97353
97354
97355
97356
97357
97358
97359
97360
97361
97362
97363
97364
97365
97366
97367
97368
97369
97370
97371
97372
97373
97374
97375
97376
97377
97378
97379
97380
97381
97382
97383
97384
97385
97386
97387
97388
97389
97390
97391
97392
97393
97394
97395
97396
97397
97398
97399
97400
97401
97402
97403
97404
97405
97406
97407
97408
97409
97410
97411
97412
97413
97414
97415
97416
97417
97418
97419
97420
97421
97422
97423
97424
97425
97435
97436
97437
97438
97439
97440
97441
97442
97443
97444
97445
97446
97447
97449
97450
97453
97454
97455
97456
97457
97458
97459
97460
97461
97462
97463
97464
97465
97466
97467
97468
97469
97470
97471
97475
97476
97477
97478
97535
97536
97537
97548
97567
97568
97569
97570
97571
97572
97580
97583
97584
97585
97587
97588
97594
97595
97596
97597
97598
97599
97600
97601
97602
97603
97604
97605
97606
97607
97608
97610
97611
97612
97613
97614
97615
97616
97617
97618
97619
97620
97621
97622
97623
97624
97625
97626
97627
97628
97629
97630
97631
97632
97633
97634
97635
97636
97637
97638
97639
97649
97650
97651
97652
97653
97654
97655
97656
97657
97658
97659
97660
97696
97936
97956
97957
97958
97959
97960
97961
97962
97963
97964
97965
97966
97967
97968
97969
97970
98009
98010
98152
98153
98322
98325
98326
98378
98473
98474
98476
98477
98478
98479
98480
98481
98482
98483
98485
98488
98489
98490
98491
98494
98496
98497
98498
98499
98500
98503
98507
98509
98510
98511
98512
98513
98515
98518
98520
98583
98584
98589
98590
98592
98618
98638
98639
98645
98647
98734
98735
98736
98737
98844
98845
98846
98956
98957
98958
98959
98960
98961
98962
98963
98964
98965
98966
98967
98968
98969
98970
98971
98972
98973
98974
98975
98976
98977
98978
98979
98980
98981
98982
98983
98984
98985
98986
98987
98988
98989
98990
98991
99531
99532
99685
99887
99962
99963
99964
99966
100028
100493
100498
100499
100500
100501
100502
100503
100504
100505
100506
100507
100508
100509
101231
101232
101640
101652
101657
101659
101663
101664
101665
101679
101680
101682
101683
101684
101685
101704
101825
101826
101827
101828
101829
101830
101831
101832
101834
101835
101836
101837
101838
101970
102097
102098
102099
102100
102102
102103
102104
102105
102106
102108
102109
102110
102111
102241
102247
102358
102553
102559
102561
102571
102585
102590
102597
102599
102620
102622
102628
102648
102661
102676
102734
102735
102736
102737
102941
102942
102943
102944
102945
102946
102947
102948
102949
102950
102989
102990
102991
102992
102993
102994
102995
103000
103001
103002
103014
103015
103016
103017
103018
103019
103020
103021
103022
103023
103024
103025
103026
103056
103057
103079
103080
103081
103092
103093
103094
103095
103096
103097
103098
103099
103100
103101
103184
103185
103186
103187
103278
103351
103352
103353
103354
103355
103397
103398
103399
103406
103473
103625
103626
104160
104161
104162
104163
104164
104165
104166
104167
104168
104169
104173
104174
104175
104176
104180
104181
104182
104183
104184
104185
104186
104187
104188
104189
104190
104191
104192
104193
104194
104195
104392
104393
104394
104395
104446
104540
104541
104542
104543
104544
104545
104546
104547
104548
104549
104550
104551
104742
104743
104744
104985
105047
105048
105049
105088
105089
105090
105091
105092
105093
105094
105419
105709
106522
106523
106524
106551
106554
106555
106558
106559
106644
106645
107550
107551
107562
107665
107672
107673
107674
107728
107828
107829
107830
107831
107853
108386
108445
108446
108447
108448
108449
108450
108451
108453
108454
108480
108683
108684
108685
108686
108687
108688
108689
108690
108691
108692
108693
108694
108695
108696
108697
108698
108699
108700
108701
108904
108905
108906
108907
108908
108909
108910
108911
108912
108913
108914
108915
108967
108968
108969
108970
108971
108972
108973
108974
108975
108976
108977
108978
108979
108980
108981
108982
108983
108984
108985
108986
108987
108988
108989
108990
108991
108992
108993
108994
108995
108996
108997
108998
108999
109000
109001
109013
109014
109015
109016
109017
109018
109019
109020
109021
109022
109023
109024
109025
109026
109301
109340
109341
109921
109996
109997
110377
110378
110379
110380
110381
110382
110383
110384
110385
110386
110387
110388
110389
110390
110391
110392
110393
110394
110395
110396
110397
110398
110399
110400
110401
110402
110403
110404
110405
110406
110407
110408
110409
110410
110411
110412
110413
110414
110415
110416
110417
110418
110419
110420
110772
111287
111294
111405
111545
111546
111547
111548
111549
111550
111551
111552
111553
111554
111555
111556
111557
111558
111613
112529
112530
112531
112811
112814
112819
112821
112822
112824
112826
112827
112829
112835
112837
112965
112966
113016
113023
113026
113028
113034
113044
113045
113048
113050
113053
113055
113061
113062
113064
113070
113071
113077
113081
113085
113089
113090
113092
113093
113094
113095
113099
113100
113101
113102
113105
113114
113120
113128
113134
113136
113137
113140
113142
113143
113151
113153
113156
113157
113162
113167
113172
113177
113178
113179
113238
113239
113240
113241
113245
113281
113282
113575
114387
114426
114435
114546
114547
114548
114585
114588
114589
114590
114723
114724
114726
114727
114728
114730
114731
114732
114849
114850
115125
115640
115641
115642
115718
116612
116613
116614
116615
116616
116662
116663
116664
116735
116736
116737
116738
116777
116778
116779
116780
116781
116782
116797
116906
117131
117132
117133
117134
117135
117136
117137
117138
117139
117140
117141
117142
117143
117144
117145
117146
117147
117148
117149
117150
117151
117178
117181
117184
117187
117208
117212
117213
117216
117217
117218
117219
117220
117251
117452
117514
117537
117539
117540
117730
117731
117934
117936
117938
117961
117962
117963
117964
118130
118343
118345
118346
118759
118760
119231
119233
119234
119235
119237
119238
119239
119284
119285
119286
119287
119288
119289
119290
119291
119292
119293
119294
119295
119296
119297
119298
119299
119334
119493
119502
119503
119583
119584
119585
119587
119588
119590
119591
119684
119685
119686
119689
119690
119691
119692
119693
119694
119695
119696
119697
119698
119699
119700
119701
119705
119707
119713
119718
119726
119733
119734
119735
119736
119737
119738
119739
119742
119743
119744
120132
120133
120134
120135
120136
120137
120138
120139
120140
120141
120167
120168
120348
120349
120350
120351
120352
120353
120356
120359
120360
120361
120363
120367
120369
120644
120707
120708
120709
120710
120874
120885
120886
120887
120888
120889
121898
122086
122087
122088
122089
122090
122091
122533
122540
123339
123361
123362
123363
123364
123433
123597
123598
123968
124476
124477
124818
125641
125644
125815
125816
126323
126324
126325
126326
126327
126328
126329
126829
126916
127506
127698
127747
127748
127749
127750
127751
127752
127753
127754
127756
128171
128172
128197
129004
129005
129006
129007
129055
129056
129057
129086
129601
129737
129739
129741
129742
129743
129745
129746
129747
129748
129753
129754
129755
129756
129757
129758
129759
129760
129763
129765
129766
129767
129768
129769
129770
129772
129773
129775
129777
129778
129779
129780
129781
129782
129783
129789
129790
129793
129794
129795
129796
129797
129798
129799
129800
129801
129808
129809
129810
129811
129812
129813
129814
129815
129817
129818
129820
129821
129823
130021
130108
130109
130110
130111
130131
130144
130145
130146
130147
130148
130149
130539
130540
130541
130542
130543
130544
130545
130546
130547
130548
130549
130550
130551
130552
130553
130554
130670
130671
130672
130673
130674
130675
130676
130677
130678
130679
130680
130681
130682
130780
130781
130782
130783
130793
130794
130795
130796
130797
130798
130799
130800
130801
130802
130804
130806
130807
130857
130858
130859
131307
131309
131310
131479
131528
131551
131552
131553
131554
131564
131565
131566
131580
131581
131582
131583
131584
131585
131587
131588
131590
131593
131601
131994
132043
132144
132262
132263
132265
132343
132446
132518
132558
132859
132993
132994
133128
133162
133199
133200
133201
133207
133298
133299
133300
133327
133328
133336
133438
133439
133440
133442
133443
133444
133445
133454
133461
133466
133467
133468
133484
133485
133487
133488
133489
133529
133530
133721
133722
133723
133724
134069
134070
134071
134072
134073
134074
134075
134079
134080
134081
134350
134352
135092
135093
135094
135095
135096
135097
135305
135828
135829
135830
135831
135832
135833
135834
135835
136582
136584
136587
136753
136756
136757
136758
136759
136760
136761
136762
136855
137149
137285
137286
137287
137942
137943
137964
138025
138026
138027
138032
138033
138034
138035
138047
138163
138164
138168
138169
138209
138210
138211
138212
138213
138214
138215
138216
138217
138218
138219
138220
138221
138222
138223
138231
138232
138233
138257
138258
138259
138262
138263
138264
138265
138323
138328
138329
138383
138384
138385
138386
138387
138388
138389
138390
138391
138392
138394
138399
138400
138404
138405
138406
138407
138408
138508
138646
138661
138822
138823
138913
138914
139740
139741
139883
139884
139885
139886
139887
139888
139889
139890
139946
139947
139953
139954
140273
140369
140402
140403
140421
140605
140606
140607
140608
140609
140610
140666
140755
140756
140762
140764
140795
140906
140907
140908
140909
140910
140911
140912
140935
141087
141088
141216
141226
141387
141388
141519
141574
141575
141895
141965
141973
141974
142127
142128
142129
142130
142390
142391
142392
142437
142439
142440
142441
142442
142443
142444
142445
142446
142602
142925
142926
143166
143167
143202
143203
143221
143222
143223
143299
143300
143561
143562
143756
143757
143761
143767
143773
143775
144017
144018
144019
144020
144021
144023
144024
144025
144026
144027
144030
144065
144427
144428
144429
144430
144431
144432
144434
144435
144436
144437
144438
144441
144442
144443
144444
144445
144446
144447
144448
144489
144490
144491
144496
144497
144498
144631
144632
144633
144745
144746
144893
144894
144953
144954
145005
145011
145028
145029
145031
145360
145418
145419
145653
145654
145655
145689
145690
145691
145692
145710
145720
145721
145722
145723
145724
145725
145826
145876
145902
145903
146030
146129
146130
146132
146133
146155
146156
146157
146163
146164
146165
146166
146168
146169
146170
146295
146312
146313
146321
146325
146368
146369
146370
146371
146372
146373
146374
146375
146376
146377
146379
146743
146744
146807
146808
146809
146810
146811
146812
146820
147080
147081
147140
147174
147175
147176
147177
147178
147179
147180
147181
147182
147369
147566
147567
147574
147576
147577
147783
147895
147896
147897
147898
147899
147900
147901
147902
147903
147938
147939
147940
147941
147942
147943
149917
149918
149919
149920
149921
150151
150422
150423
150506
150507
150586
150587
150588
150796
150797
151054
151055
151056
151057
151058
151059
151123
151124
151125
151126
151154
151188
151240
151241
151471
151472
151570
151580
151581
151582
151583
151586
151685
151686
151687
151688
151689
151690
151691
151694
151695
151748
151809
151810
151811
151812
151813
151814
151815
151822
152043
152049
152087
152172
152173
152174
152175
152176
152257
152268
152356
152364
152366
152369
152370
152381
152382
152383
152384
152385
152386
152401
152402
152403
152405
152406
152408
152409
152410
152411
152412
152413
152414
152415
152416
152417
152418
152419
152421
152422
152423
152424
152425
152426
152427
152428
152429
152430
152431
152432
152441
152442
152443
152444
152445
152446
152499
152500
152509
152685
152740
152800
152811
153002
153279
153420
153479
153480
153481
153537
153561
153562
153563
153564
153565
153566
153701
153703
153704
153705
153706
153707
153708
153709
153710
153711
153712
153715
153716
153717
153718
153721
153722
153723
153724
153725
153726
153728
153734
153735
153736
153737
153738
153739
153740
153741
153742
153743
153744
153745
153746
153747
153748
153749
153750
153777
153778
153779
153789
153790
153791
153792
153793
153795
153796
153797
153820
153821
153822
153823
153824
153902
153903
153904
153905
153906
153907
153908
153909
153910
153911
153912
153913
153914
153915
153916
153917
153918
153919
153921
153922
153923
153924
153925
153928
153979
153980
153981
153982
153983
154016
154063
154121
154291
154306
154307
154310
154427
154520
154521
154522
154523
154524
154525
154526
154527
154528
154529
154558
154559
154560
154890
154891
154972
154991
154992
154993
155252
155253
155254
155256
155324
155325
155326
155327
155580
155581
155611
155612
155627
155694
155732
155834
155835
155836
155837
155838
155839
155840
155877
155878
155882
155883
155886
156105
156135
156136
156137
156138
156139
156140
156141
156142
156145
156146
156147
156148
156149
156150
156152
156155
156157
156158
156181
156182
156183
156184
156185
156186
156187
156188
156189
156190
156192
156193
156209
156211
156222
156223
156224
156225
156226
156227
156228
156289
156310
156333
156334
156335
156433
156434
156435
156498
156499
156500
156501
156502
156503
156504
156505
156506
156507
156717
156748
156749
157198
157199
157202
157203
157242
157243
157244
157246
157247
157248
157255
157256
157257
157258
157263
157264
157265
157266
157285
157286
157313
157421
157422
157423
157424
157425
157427
157507
157508
157509
157510
157511
157512
157513
157596
157810
157812
157814
157816
157817
157818
157819
157820
157821
157822
157823
157824
157825
157826
157827
157828
157829
157830
158278
158279
158280
158344
158345
158495
159196
159197
159198
159199
159200
159201
159202
159203
159204
159205
159236
159237
159240
159244
159245
159246
159247
159248
159249
159250
159251
159342
159343
159344
159345
159346
159347
159348
159352
159354
159365
159412
159413
159414
159415
159416
159417
159418
159424
159430
159467
159505
159506
159507
159508
159509
159510
159511
159518
159519
159579
159580
159581
159757
159758
159785
159835
159837
159865
159866
159895
159896
159898
159899
159960
160069
160070
160071
160072
160232
160239
160240
160241
160242
160272
160273
160277
160278
160281
160282
160283
160284
160332
160418
160419
160428
160542
160543
160544
160545
160572
160573
160574
160575
160652
160656
160657
160658
160833
160923
160940
161431
161631
161632
161633
161634
161639
161640
161641
161642
161643
161644
161645
161646
161647
161648
161649
161650
161651
161652
161653
161730
161731
161732
161733
161734
161735
161736
161737
161738
161739
161776
161777
161778
161780
161871
161872
161904
161905
161906
162172
162173
162174
162175
162178
162203
162204
162205
162368
162515
162516
162517
162518
162519
162520
162521
162522
162523
162524
162525
162526
162527
162528
162529
162530
162531
162534
162535
162536
162700
162701
163139
163140
163490
163494
163495
163496
163497
163498
163499
163500
163564
163565
163566
163567
163568
163690
163691
163692
163845
163913
163914
163915
163917
163918
163919
163920
163959
164194
164664
164704
164705
164712
164713
164728
165096
165225
165226
165278
165392
165393
165394
165395
165396
165397
165398
165399
165565
165566
165678
165679
165681
165682
165683
165684
165685
165686
165701
165702
165703
165704
165705
165706
165708
165709
165710
165711
165712
165777
165778
165779
165780
165781
165782
165783
165784
165785
165786
165787
165788
165789
165790
165791
165792
165793
165794
165795
165796
165797
165798
165799
165800
165801
165802
165944
165945
165946
166052
166053
166054
166055
166056
166057
166058
166059
166060
166061
166062
166063
166082
166083
166084
166085
166086
166087
166088
166102
166165
166190
166197
166401
166402
166403
166404
166409
166678
166679
166680
166747
167132
167133
167138
167211
167363
167364
167365
167366
167367
167369
167370
167371
167415
167416
167417
167418
167419
167420
167421
167422
167501
167502
167503
167504
167552
167555
167557
167558
167565
167566
167567
167570
167571
168120
168531
168532
168571
168572
168573
168574
168575
168576
168577
168620
168621
168622
168623
168627
168628
168629
168630
168632
168649
168668
168669
168671
168672
168684
168685
168688
168698
168710
168748
168749
168750
168769
168770
168965
168966
168969
168970
168971
168972
168973
168974
168975
168981
168982
168983
169254
169264
169438
169439
169440
169441
169442
169443
169444
169453
169627
169643
169655
169681
169682
169764
169765
169997
170122
171232
171503
171504
171505
171506
171507
171681
172023
172024
172025
172026
172175
172187
172214
172215
172216
172217
172807
172817
172819
172847
173008
173009
173010
173011
173012
173013
173014
173015
173016
173017
173018
173019
173020
173021
173022
173023
173024
173025
173026
173027
173028
173029
173030
173031
173032
173033
173034
173035
173036
173037
173038
173045
173046
173083
173124
173125
173126
173127
173128
173129
173130
173131
173132
173133
173134
173135
173136
173137
173138
173139
173140
173141
173142
173150
173151
173152
173153
173154
173155
173156
173157
173158
173215
173216
173217
173218
173261
173458
173575
173788
173789
173790
173791
173832
173893
173894
173895
173896
173897
173991
174166
174188
174192
174223
174255
174586
174664
174783
174784
174840
174841
174844
174845
174867
174868
175100
175345
175422
175465
175466
175467
175469
175471
175472
175477
175490
175491
175492
175537
175538
175539
175588
175589
175598
175600
175640
175641
175642
175643
175644
175645
175646
175647
175648
175650
175651
175653
175715
175733
175734
175735
175736
175737
175738
175739
175740
175741
175742
175743
175744
176335
176548
177067
177101
177102
177103
177104
177105
177106
177107
177108
177109
177111
177289
177290
177314
177382
177383
177482
177483
177491
177554
177594
177601
178041
178042
178043
178044
178047
178048
178049
178050
178102
178105
178106
178164
178290
178584
178585
178586
178754
178755
178756
178757
178758
178759
178840
178841
178865
179014
179015
179204
179205
179206
179249
179250
179251
179252
179302
179303
179309
179314
179571
179624
179637
179638
179645
179655
179658
179659
179660
179661
179663
179747
179761
179762
179763
179764
179765
179766
179767
179768
179769
179911
179912
179922
179923
179926
180236
180240
180241
180242
180243
180244
180245
180246
180247
180662
180663
180664
180665
180666
180667
180668
180669
180670
180671
180672
180673
180675
180681
180682
180683
180684
180685
180686
180687
180688
180689
180690
180691
180692
180693
180694
180695
180696
180697
180698
180699
180700
180701
180702
180703
180705
180706
180708
180862
180863
181103
181105
181106
181107
181196
181252
181253
181547
181561
181562
181563
181564
181565
182472
182560
182710
182711
182712
183006
183007
183008
183157
183191
183221
183222
183301
183302
183311
183312
183313
183474
183613
183618
183619
183620
183621
183622
183627
183629
183630
183640
183817
183907
183909
183970
183971
184186
184271
184272
184273
184279
184324
184355
184356
184357
184358
184359
184360
184419
184741
184742
184743
184886
184887
184888
184889
185026
185336
185337
185344
185345
185346
185347
185450
185456
185457
185458
185459
185460
185628
185801
185861
185930
185931
186005
186068
186096
186207
186208
186321
186322
186323
186359
186364
186445
186446
186447
186448
186449
186450
186583
186584
186585
186586
186654
186655
186657
186658
186659
186660
186661
186662
186663
186664
186665
186666
186667
186668
186669
186906
186907
186911
186916
186917
186990
186991
186992
186993
186994
186995
187015
187016
187018
187021
187022
187028
188189
188190
188191
188192
188463
188522
188614
188876
188883
188884
189076
189077
189252
189253
189254
189255
189300
189301
189302
189303
189412
189425
189426
189427
189428
189431
189432
189433
189434
189435
189436
189437
189438
189443
189444
189445
189454
189455
189456
189457
189458
189459
189460
189461
189462
189463
189464
189499
189500
189501
189502
189552
189553
189554
189555
189556
189557
189567
189568
189569
189578
189579
189580
189581
189582
189583
189584
189585
189586
189611
189630
189631
189638
189932
189973
189974
189990
190039
190357
190358
190359
191036
191037
191038
191071
191072
191224
191282
191283
191284
191452
191838
191839
191840
191841
191842
191843
191844
191845
191846
191847
191887
191888
191889
191890
191994
192560
192561
193331
193332
193333
193334
193340
193353
193415
193416
193417
193418
193419
193420
193421
193422
193423
193424
193425
193426
193427
193429
193431
193432
193433
193434
193446
193447
193448
193449
193450
193451
193452
193453
193454
193459
193460
193461
193462
193463
193464
193465
193466
193467
193468
193469
193470
193471
193474
193573
193574
193575
193576
193577
193578
193579
193580
193770
193806
193807
194034
194035
194129
194146
194147
194148
194227
194292
194293
194294
194295
194296
194297
194298
194307
194346
194347
194502
194668
194887
194947
194956
195059
195060
195061
195417
195505
195506
195543
195563
195564
195565
195566
195567
195569
195849
195851
195919
195949
196292
196293
196294
196295
196346
196448
196449
196450
196811
196812
196898
196899
196900
197100
197101
197133
197137
197138
197139
197203
197204
197205
197206
197471
197908
198044
198099
198100
198250
198251
198252
198253
198254
198255
198256
198257
198258
198259
198323
198324
198325
198448
198449
198450
198451
198473
198474
198479
198669
198694
198695
198696
198714
198863
198864
198865
198866
198867
198926
199030
199031
199297
199320
199397
199462
199463
199464
199497
199500
199524
199525
199526
199527
199528
199529
199530
199531
199532
199533
199534
199545
199546
199547
199548
199549
199550
199551
199552
199553
199554
199555
199556
199557
199558
199559
199560
199561
199562
199563
199566
199567
199568
199587
199589
199616
199709
199710
199711
199735
199741
199742
199852
199853
199854
199855
199856
199857
199858
199870
199871
199872
199874
199879
199880
199921
199922
199923
199924
200002
200008
200009
200017
200023
200024
200025
200031
200032
200033
200034
200035
200255
200256
200257
200259
200260
200261
200262
200263
200264
200265
200266
200269
200270
200271
200272
200606
200607
200612
200613
200614
200615
200652
200756
200757
200758
200759
200845
200846
201048
201049
201050
201051
201080
201081
201082
201144
201145
201146
201147
201150
201151
201152
201173
201175
201176
201177
201178
201179
201180
201181
201182
201183
201184
201211
201962
201967
201968
202002
202248
202249
202251
202252
202253
202254
202257
202258
202398
202416
202696
202857
203387
204597
204598
204606
204620
204621
204736
204799
205288
205391
205392
205393
205394
205887
205888
205889
205890
205891
205892
206038
206207
206208
206416
206909
206940
206994
207075
207076
207077
207078
207147
207148
207489
207672
207683
207714
207715
207716
207717
207718
207719
207720
207721
207776
207777
207778
207779
207780
207875
207876
208058
208059
208228
208229
208230
208544
208545
208575
208738
208739
208740
208741
208742
208890
209035
209069
209070
209071
209072
209318
209323
209331
209332
209396
209401
209448
209517
209659
209660
209668
210057
210058
210059
210060
210061
210062
210063
210064
210065
210066
210067
210068
210069
210315
210325
210360
210361
210443
210470
210515
210619
210620
210621
210622
210624
210626
210627
210641
210642
210797
210798
210799
210800
210831
211012
211013
211359
211363
211364
211365
211366
211367
211368
211369
211370
211371
211372
211373
211374
211375
211376
211383
211573
211576
211586
211587
211588
211790
211791
211805
211817
211825
211826
211829
211830
211868
211869
211974
211975
212053
212068
212290
212291
212600
212635
212673
212701
212702
212814
212847
212872
212886
212887
212981
212982
212985
212988
212996
212997
213004
213009
213017
213033
213037
213038
213039
213040
213042
213046
213327
213524
213645
213714
214031
214032
214033
214049
214100
214125
214126
214157
214196
214197
214214
214289
214290
214317
214318
214390
214648
214670
214712
214826
214827
214828
214829
215065
215076
215077
215078
215186
215193
215194
215372
215373
215374
215375
215431
215452
215848
215851
215987
215988
215989
216079
216126
216291
216465
216502
216503
216528
216529
216531
216532
216563
216570
216591
216620
216621
217048
217049
217176
217177
217404
217405
217605
217608
217641
217642
217700
217799
217840
217841
218051
218092
218093
218094
218095
218101
218164
218167
218300
218369
218370
218371
218372
218373
218374
218375
218434
218449
218457
218523
218525
218526
218527
218617
218618
218619
218620
218646
218677
218702
218761
218919
218920
218921
218922
218978
219180
219182
219183
219184
219229
219240
219243
219263
219382
219383
219427
219528
219585
219586
219605
219606
219608
219634
219635
219659
219679
219680
219911
219912
219913
220349
220350
220351
220352
220353
220354
220355
220356
220357
220358
220590
220684
220767
220768
221120
221121
221190
221191
221192
221193
221194
221195
221196
221290
221291
221300
221301
221540
221585
221586
221800
221801
221807
222102
222384
222385
222386
222390
222394
222476
222530
222531
222532
222533
222534
222561
222698
222699
222726
222763
222963
223120
223121
223122
223123
223124
223125
223126
223201
223252
223374
223397
223445
223455
223456
223457
223556
223625
223626
223627
223628
223629
223630
223631
223632
223843
223920
223921
223970
223971
223972
223973
223974
224031
224032
224087
224273
224432
224433
224435
224436
224437
224438
224445
224487
224488
224490
224502
224503
224504
224505
224506
224507
224508
224513
224514
224515
224516
224517
224518
224519
224520
224521
224522
224523
224524
224530
224531
224534
224536
224537
224538
224541
224542
224545
224546
224547
224548
224658
224659
224678
224679
224695
224725
224726
224818
224878
224879
224880
224881
224882
224883
224888
224892
224901
224907
225151
225152
225153
225154
225155
225156
225157
225158
225239
225240
225252
225258
225262
225377
225378
225379
225380
225381
225382
225383
225390
225391
225444
225445
225571
225572
225573
225574
225588
225589
225592
225593
225609
225610
225611
225612
225615
225616
225617
225628
225629
225630
225652
225653
225846
225847
225848
225863
225932
225933
225943
225987
226189
226190
226191
226192
226255
226256
226257
226258
226259
226260
226261
226262
226263
226378
226379
226450
226451
226782
226783
226784
226826
227120
227213
227340
227341
227342
227343
227344
227345
227346
227347
227348
227349
227350
227351
227352
227353
227354
227355
227356
227357
227358
227359
227360
227367
227547
227600
227601
227624
227790
227817
227822
227852
228053
228058
228059
228060
228061
228255
228264
228371
228372
228373
228374
228469
228470
228471
228499
228593
228594
228676
228677
228720
228730
228779
228783
228869
229469
229592
229593
229594
229789
229999
230000
230192
230193
230194
230195
230456
230698
230699
231040
231041
231042
231043
231046
231265
231282
231293
231331
231431
231432
231433
231603
231604
231613
231653
231654
231905
231954
232062
232063
232064
232065
232066
232067
232068
232307
232402
232426
232427
232428
232429
232478
232568
232670
232674
232675
232680
232681
232688
232689
232793
232794
232795
232796
232797
232798
232906
233055
233097
233099
233100
233104
233371
233391
233444
233467
233468
233650
233772
234038
234039
234040
234041
234042
234140
234141
234142
234211
234249
234264
234277
234471
234560
234667
234668
234669
235118
235235
235244
235245
235246
235337
235338
235339
235353
235382
235398
235399
235411
235412
235645
235677
235678
235685
235686
235916
235918
235986
235988
236495
236520
236722
236723
236724
236725
236726
236727
236728
236729
236730
236805
236806
236909
237012
237013
237144
237241
237637
237638
237639
237802
237980
237981
238043
238044
238045
238295
238453
238712
238713
238714
238715
238716
238757
238811
239157
239224
239225
239226
239227
239974
240151
240251
240252
240294
240441
240444
240452
240453
240454
240537
240538
240539
240540
240998
241084
241113
241114
241187
241251
241252
241257
241293
241722
241788
241789
241790
241791
241792
241793
241794
241795
241796
241797
241798
241799
241800
241801
241802
241803
241804
241805
241806
241807
241808
241809
241810
241811
241812
241813
241814
241815
241816
241943
241944
241945
242000
242005
242006
242007
242008
242009
242017
242036
242037
242127
242128
242222
242259
242260
242261
242392
242570
242638
242639
242680
242681
242682
242683
242684
242832
242934
242935
242936
242937
242938
242939
242941
242967
242970
242971
242996
243163
243209
243210
243211
243214
243215
243216
243217
243218
243219
243220
243256
243273
243274
243275
243276
243277
243278
243279
243280
243606
243614
243615
243616
243619
243638
244376
244377
244378
244379
244380
244381
244382
244383
244384
244387
244388
244785
244822
244823
244824
245198
245229
245270
245311
245312
245343
245344
245345
245346
245347
245348
245349
245350
245351
245352
245353
245354
245355
245356
245357
245358
245359
245448
245449
245450
245994
245995
245996
245998
245999
246000
246001
246002
246003
246102
246103
246104
246105
246106
246108
246416
246417
246418
246420
246421
246422
246423
246424
246425
246428
246429
246590
246599
246600
246601
246602
246603
246604
246646
246652
246653
246654
246655
247163
247164
247179
247180
247181
247182
247183
247190
247196
247275
247293
247294
247295
247296
247297
247298
247299
247535
247675
247676
247797
247798
247867
248090
248187
248328
248329
248341
248802
248803
248804
248811
248812
248813
249544
249924
250013
250458
250459
250460
250461
250533
250534
250667
250773
250962
250980
251140
251141
251171
251172
251173
251174
251356
251765
251766
251767
251789
251800
251801
251882
251883
252153
252244
252289
252290
252291
252292
252293
252296
252316
252470
252579
252654
252655
252656
252657
252658
252659
252660
252664
252684
252685
252686
252687
252688
252689
252716
252717
252763
252764
252807
252819
252820
252851
252875
252903
252937
252938
252939
252940
252941
252990
252991
252992
252993
252994
252995
252997
252998
252999
253000
253001
253002
253003
253004
253005
253006
253007
253037
253038
253039
253040
253041
253058
253059
253060
253061
253062
253063
253064
253065
253067
253068
253328
253329
253330
253579
253580
253581
253582
253585
253586
253590
253694
253702
253703
253704
253793
253823
253841
253842
254004
254005
254006
254007
254008
254034
254057
254058
254059
254111
254132
254133
254134
254135
254136
254181
254183
254204
254404
254405
254406
254407
254463
254464
254748
254749
254750
254751
254752
254753
254754
254755
254756
254757
254758
254762
254763
254764
254765
254766
254767
254768
254769
254770
255173
255177
255178
255179
255180
255181
255182
255183
255338
255339
255500
256036
256610
256611
256612
257289
257290
257291
257292
257293
257294
257295
257296
257297
257298
257299
257305
257306
257307
257308
257309
257310
257311
257312
257313
257314
257315
257888
257889
257890
257896
257897
257898
257899
257900
257901
257902
258046
258783
259042
259043
259044
259045
259319
259320
259321
259322
259432
259722
259723
259728
259729
259730
259777
259854
259913
260035
260267
260268
260269
260270
260271
260272
260273
260274
260275
261214
262291
262428
262478
262479
262596
262597
262677
262678
262685
262802
262803
262917
262970
262979
263303
263776
263777
263778
263779
263780
263781
263782
263783
263784
263785
263786
263787
263788
263789
263790
263791
263792
263793
263794
263795
263811
263812
263813
263814
263815
263816
263953
264208
264459
264460
265235
265323
265324
265325
265326
265327
265328
265350
265366
265512
265758
265797
265854
266213
266214
266301
266302
266328
266329
266330
266366
266459
266706
266797
266806
266863
266866
266867
266868
266869
266993
267056
267310
267311
267312
267313
267555
267557
267602
267630
267631
267632
267635
267676
267710
267711
267825
268081
268210
268211
268227
268228
268230
268231
268256
268373
268434
268483
268484
268509
268998
269283
269393
269435
269456
269457
269468
269501
269773
269774
269942
269966
269967
270003
270056
270057
270225
270295
270296
270580
270916
270917
270918
270919
270920
271135
271139
271140
271141
271142
271143
271144
271145
271146
271147
271172
271173
271174
271175
271176
271177
271178
271179
271180
271181
271182
271183
271184
271185
271186
271187
271188
271189
271190
271191
271192
271193
271194
271195
271196
271197
271270
271271
271316
271331
271332
271333
271334
271335
271460
271461
271623
271732
272353
272354
272405
272495
272497
272498
272524
272525
272572
272573
272574
272576
272630
272701
272702
272703
272772
272773
272774
272846
272885
272886
272887
272888
272889
273267
273446
273571
273572
273592
273593
273594
273597
273598
273599
273600
273631
273632
273633
273634
273691
273692
273835
273870
273875
273885
274011
274012
274013
274138
274306
274307
274308
274317
274318
274361
274362
274756
274757
274826
274827
274828
274933
275090
275263
275264
275265
275281
275483
275484
275677
275759
276062
276335
276351
276383
276389
276491
276548
276609
276629
276669
276873
276993
276994
276995
276996
276997
276998
276999
277004
277005
277036
277037
277038
277192
277265
277284
277350
277378
277643
277644
277645
277646
277647
277913
278026
278027
278028
278029
278030
278060
278061
278070
278071
278072
278617
278618
278940
278941
279098
279099
279100
279101
279102
279103
279104
279105
279106
279107
279108
279109
279110
279111
279112
279113
279114
279115
279116
279117
279213
279214
279215
279233
279234
279235
279236
279434
279466
279467
279468
279682
279683
279684
279685
279809
279810
279882
280600
280603
280639
280643
281259
281260
282018
282019
282030
282033
282034
282035
282038
282096
282460
282461
282462
282463
282487
282488
282512
282729
282730
282731
282732
282733
282734
282735
282736
283522
283523
283524
283525
283536
283547
283548
283549
283568
283571
283626
283627
283632
283633
283634
283718
283785
283786
283787
283789
283790
283791
283792
283793
283795
283796
283797
283798
283799
283800
283801
283834
283835
283843
284007
284029
284094
284095
284096
284581
285091
285128
285182
285183
285251
285932
285933
285957
285958
285959
285975
285976
285977
285984
285985
286280
286407
286438
286564
286565
286566
286567
286568
286569
286570
286571
286572
286573
286579
287154
287155
287157
287158
287159
287160
287161
287162
287163
287164
287165
287167
287815
287816
288303
288476
288477
288930
288931
288932
289036
289068
289069
289097
289098
289099
289100
289101
289218
289219
289220
289221
289222
289223
289892
289893
289894
289934
290148
290150
290151
290268
290269
290755
